-7.166666666666671
-10.166666666666671
18.83333333333333
6.833333333333329
17.83333333333333
23.83333333333333
-61.16666666666667
0.8333333333333286
14.833333333333329
6.833333333333329
-18.16666666666667
13.833333333333329
24.83333333333333
-3.1666666666666714
5.833333333333329
22.83333333333333
-16.16666666666667
3.8333333333333286
-0.1666666666666714
9.833333333333329
-53.16666666666667
-10.166666666666671
-2.1666666666666714
-5.166666666666671
3.8333333333333286
12.833333333333329
9.833333333333329
-2.1666666666666714
21.83333333333333
8.833333333333329
-6.166666666666671
-12.166666666666671
13.833333333333329
15.833333333333329
-51.16666666666667
0.8333333333333286
